%假设1min中就有一辆车，假设无停车场
%下限设置低于需求的20% 就补充（不低于3），最大补充到90%但是不超过36，
%难题：使用哪一辆车进行运输（需要模型求解）
%使用一二期的数据进行模拟，数据首先使用的是早晨的。
%原始数据：两点级之间的距离矩阵，每一点的需求，时间长度，初值，自行车数量，运载车数量，
distMat=[0.000 	0.522 	1.065 	1.819 	1.137 	2.319 	2.937 	2.782 	3.860 	5.761 	1.612 	1.017 	0.560 	0.615 	0.199 	0.398 	1.211 	1.524 	0.985 	1.368 	1.794 	2.755 	2.772 	4.274 	3.397 	3.083 	2.857 	4.862 	0.633 	3.444 
0.522 	0.000 	0.780 	1.534 	1.660 	2.033 	3.382 	2.804 	3.575 	5.476 	1.897 	1.302 	0.845 	0.900 	0.722 	0.921 	0.925 	2.047 	1.507 	1.890 	2.316 	2.470 	2.487 	3.989 	3.920 	3.605 	3.380 	4.577 	1.155 	3.454 
1.065 	0.780 	0.000 	0.788 	1.866 	1.518 	3.588 	3.010 	3.223 	4.696 	2.677 	2.082 	1.626 	1.680 	1.177 	1.127 	0.175 	2.253 	1.713 	2.096 	2.522 	1.689 	1.963 	3.209 	4.126 	3.811 	3.586 	4.208 	1.361 	3.660 
1.819 	1.534 	0.788 	0.000 	1.078 	0.730 	2.800 	2.222 	2.434 	3.943 	3.430 	2.835 	2.379 	2.433 	1.930 	1.800 	0.613 	1.543 	0.925 	1.308 	1.734 	0.936 	1.175 	2.455 	3.337 	3.023 	2.798 	3.420 	1.247 	2.872 
1.137 	1.660 	1.866 	1.078 	0.000 	1.219 	1.838 	1.683 	2.761 	4.662 	2.711 	2.116 	1.660 	1.714 	1.211 	1.081 	1.691 	0.823 	0.204 	0.230 	0.657 	1.655 	1.673 	3.174 	2.260 	1.945 	1.720 	3.763 	0.528 	2.345 
2.318 	2.033 	1.518 	0.730 	1.219 	0.000 	2.070 	1.492 	1.705 	3.443 	3.930 	3.335 	2.879 	2.933 	2.430 	2.300 	1.343 	2.043 	1.423 	1.146 	1.005 	0.436 	0.454 	1.955 	2.608 	2.293 	2.068 	2.690 	1.747 	2.143 
2.937 	3.382 	3.588 	2.800 	1.838 	2.070 	0.000 	0.578 	0.923 	2.824 	4.549 	3.954 	3.498 	3.552 	3.048 	2.919 	3.413 	2.661 	2.042 	1.764 	1.368 	2.433 	1.625 	2.257 	1.274 	0.969 	0.671 	1.925 	2.365 	0.507 
2.782 	2.804 	3.010 	2.222 	1.683 	1.492 	0.578 	0.000 	1.078 	2.979 	4.394 	3.798 	3.342 	3.397 	2.893 	2.764 	2.835 	2.506 	1.887 	1.609 	1.213 	1.855 	1.047 	1.679 	1.119 	0.814 	0.576 	2.080 	2.210 	0.662 
3.860 	3.575 	3.222 	2.434 	2.761 	1.705 	0.923 	1.078 	0.000 	1.901 	5.471 	4.876 	4.420 	4.475 	3.971 	3.841 	3.048 	3.584 	2.964 	2.687 	2.291 	2.068 	1.260 	1.891 	2.197 	1.892 	1.594 	1.002 	3.288 	0.438 
5.761 	5.476 	4.696 	3.942 	4.661 	3.442 	2.823 	2.979 	1.901 	0.000 	7.372 	6.777 	6.321 	6.375 	5.872 	5.742 	4.551 	5.485 	4.865 	4.588 	4.191 	3.006 	2.989 	2.055 	4.097 	3.793 	3.495 	0.899 	5.189 	2.317 
1.612 	1.897 	2.677 	3.431 	2.711 	3.931 	4.549 	4.394 	5.472 	7.373 	0.000 	0.946 	1.296 	1.515 	1.501 	1.630 	2.822 	1.888 	2.507 	2.785 	3.181 	4.367 	4.384 	5.886 	3.275 	3.580 	3.878 	6.474 	2.184 	5.056 
1.017 	1.302 	2.082 	2.835 	2.116 	3.335 	3.954 	3.799 	4.877 	6.778 	0.946 	0.000 	0.456 	0.569 	0.905 	1.035 	2.227 	1.518 	1.912 	2.189 	2.586 	3.771 	3.789 	5.291 	3.391 	3.077 	3.283 	5.878 	1.588 	4.460 
0.560 	0.846 	1.626 	2.379 	1.660 	2.879 	3.498 	3.342 	4.421 	6.322 	1.296 	0.456 	0.000 	0.219 	0.543 	0.742 	1.771 	1.868 	1.456 	1.733 	2.138 	3.315 	3.333 	4.834 	3.741 	3.427 	3.201 	5.422 	1.132 	4.004 
0.615 	0.900 	1.680 	2.434 	1.714 	2.933 	3.552 	3.397 	4.475 	6.376 	1.515 	0.569 	0.219 	0.000 	0.763 	0.962 	1.825 	2.088 	1.548 	1.931 	2.357 	3.370 	3.387 	4.889 	3.961 	3.646 	3.421 	5.477 	1.196 	4.059 
0.199 	0.722 	1.177 	1.930 	1.211 	2.430 	3.049 	2.893 	3.971 	5.873 	1.501 	0.905 	0.543 	0.763 	0.000 	0.199 	1.322 	1.325 	1.007 	1.284 	1.681 	2.866 	2.884 	4.385 	3.198 	2.883 	2.658 	4.973 	0.683 	3.555 
0.398 	0.921 	1.127 	1.800 	1.081 	2.300 	2.919 	2.764 	3.842 	5.743 	1.630 	1.035 	0.742 	0.962 	0.199 	0.000 	1.192 	1.126 	0.877 	1.154 	1.551 	2.736 	2.754 	4.256 	2.999 	2.684 	2.459 	4.844 	0.553 	3.426 
1.210 	0.925 	0.175 	0.613 	1.691 	1.343 	3.413 	2.835 	3.048 	4.551 	2.822 	2.227 	1.771 	1.825 	1.322 	1.192 	0.000 	2.078 	1.538 	1.921 	2.347 	1.544 	1.788 	3.063 	3.951 	3.636 	3.411 	4.033 	1.186 	3.485 
1.524 	2.047 	2.253 	1.543 	0.823 	2.043 	2.661 	2.506 	3.584 	5.485 	1.888 	1.518 	1.868 	2.088 	1.325 	1.126 	2.078 	0.000 	0.620 	0.897 	1.293 	2.479 	2.496 	3.998 	1.873 	1.692 	1.990 	4.586 	0.891 	3.168 
0.985 	1.507 	1.713 	0.925 	0.204 	1.423 	2.042 	1.887 	2.965 	4.866 	2.507 	1.912 	1.456 	1.548 	1.007 	0.877 	1.538 	0.620 	0.000 	0.383 	0.809 	1.859 	1.877 	3.378 	2.413 	2.098 	1.873 	3.966 	0.352 	2.548 
1.368 	1.890 	2.096 	1.308 	0.230 	1.146 	1.764 	1.609 	2.687 	4.588 	2.784 	2.189 	1.733 	1.931 	1.284 	1.154 	1.921 	0.897 	0.383 	0.000 	0.426 	1.582 	1.599 	3.101 	2.030 	1.715 	1.490 	3.689 	0.735 	2.271 
1.794 	2.316 	2.522 	1.734 	0.657 	1.005 	1.368 	1.213 	2.291 	4.192 	3.181 	2.586 	2.138 	2.357 	1.681 	1.551 	2.347 	1.293 	0.809 	0.426 	0.000 	1.368 	1.203 	2.704 	1.603 	1.289 	1.063 	3.293 	1.161 	1.875 
2.755 	2.469 	1.689 	0.936 	1.655 	0.436 	2.434 	1.856 	2.068 	3.007 	4.366 	3.771 	3.315 	3.369 	2.866 	2.736 	1.544 	2.479 	1.859 	1.582 	1.368 	0.000 	0.809 	1.519 	2.971 	2.656 	2.431 	3.053 	2.183 	2.506 
2.772 	2.487 	1.963 	1.175 	1.673 	0.454 	1.625 	1.047 	1.260 	2.989 	4.384 	3.788 	3.332 	3.387 	2.883 	2.754 	1.788 	2.496 	1.877 	1.599 	1.203 	0.809 	0.000 	1.501 	2.162 	1.848 	1.623 	2.245 	2.200 	1.697 
4.273 	3.988 	3.208 	2.455 	3.174 	1.955 	2.257 	1.679 	1.892 	2.056 	5.885 	5.290 	4.834 	4.888 	4.385 	4.255 	3.063 	3.997 	3.378 	3.101 	2.704 	1.519 	1.501 	0.000 	2.794 	2.480 	2.254 	2.877 	3.702 	2.329 
3.397 	3.919 	4.125 	3.337 	2.260 	2.608 	1.274 	1.119 	2.197 	4.098 	3.275 	3.391 	3.741 	3.961 	3.198 	2.999 	3.950 	1.873 	2.412 	2.029 	1.603 	2.971 	2.162 	2.794 	0.000 	0.315 	0.603 	3.198 	2.764 	1.781 
3.082 	3.605 	3.811 	3.023 	1.945 	2.293 	0.969 	0.814 	1.892 	3.793 	3.579 	3.077 	3.426 	3.646 	2.883 	2.684 	3.636 	1.692 	2.098 	1.715 	1.289 	2.656 	1.848 	2.480 	0.315 	0.000 	0.298 	2.894 	2.450 	1.476 
2.857 	3.380 	3.585 	2.797 	1.720 	2.068 	0.671 	0.576 	1.594 	3.495 	3.878 	3.282 	3.201 	3.421 	2.658 	2.459 	3.411 	1.990 	1.873 	1.490 	1.063 	2.431 	1.622 	2.254 	0.603 	0.298 	0.000 	2.596 	2.224 	1.178 
4.862 	4.577 	4.208 	3.420 	3.762 	2.690 	1.924 	2.080 	1.002 	0.899 	6.473 	5.878 	5.422 	5.476 	4.973 	4.843 	4.033 	4.586 	3.966 	3.689 	3.292 	3.053 	2.245 	2.877 	3.198 	2.894 	2.595 	0.000 	4.290 	1.418 
0.633 	1.155 	1.361 	1.247 	0.528 	1.747 	2.365 	2.210 	3.288 	5.190 	2.184 	1.588 	1.132 	1.196 	0.683 	0.553 	1.186 	0.891 	0.352 	0.735 	1.161 	2.183 	2.200 	3.702 	2.764 	2.450 	2.224 	4.290 	0.000 	2.872 
3.444 	3.454 	3.660 	2.872 	2.345 	2.143 	0.507 	0.662 	0.438 	2.317 	5.055 	4.460 	4.004 	4.059 	3.555 	3.425 	3.485 	3.168 	2.548 	2.271 	1.875 	2.506 	1.697 	2.329 	1.780 	1.476 	1.178 	1.418 	2.872 	0.000 ];

%可能性矩阵
probabMat=[0.00 	8.62 	4.23 	2.48 	3.96 	0.00 	0.00 	0.00 	0.00 	0.00 	2.80 	4.43 	8.04 	7.33 	22.61 	11.32 	3.72 	2.96 	4.58 	3.29 	2.51 	0.00 	0.00 	0.00 	0.00 	0.00 	0.00 	0.00 	7.12 	0.00 
14.02 	0.00 	9.39 	4.78 	4.41 	0.00 	0.00 	0.00 	0.00 	0.00 	3.86 	5.63 	8.66 	8.14 	10.15 	7.96 	7.92 	0.00 	4.86 	3.88 	0.00 	0.00 	0.00 	0.00 	0.00 	0.00 	0.00 	0.00 	6.34 	0.00 
5.95 	8.13 	0.00 	8.05 	3.40 	4.18 	0.00 	0.00 	0.00 	0.00 	0.00 	0.00 	3.90 	3.77 	5.39 	5.63 	36.26 	0.00 	3.70 	0.00 	0.00 	3.75 	3.23 	0.00 	0.00 	0.00 	0.00 	0.00 	4.66 	0.00 
4.14 	4.92 	9.57 	0.00 	7.00 	10.33 	0.00 	0.00 	0.00 	0.00 	0.00 	0.00 	0.00 	0.00 	3.91 	4.19 	12.29 	4.89 	8.15 	5.76 	4.35 	8.05 	6.42 	0.00 	0.00 	0.00 	0.00 	0.00 	6.05 	0.00 
3.57 	2.45 	2.18 	3.77 	0.00 	3.33 	2.21 	2.41 	0.00 	0.00 	0.00 	0.00 	2.45 	2.37 	3.36 	3.76 	2.40 	4.93 	19.93 	17.65 	6.19 	2.45 	2.43 	0.00 	0.00 	2.09 	2.36 	0.00 	7.70 	0.00 
0.00 	0.00 	5.07 	10.54 	6.31 	0.00 	0.00 	5.15 	4.51 	0.00 	0.00 	0.00 	0.00 	0.00 	0.00 	0.00 	5.73 	0.00 	5.40 	6.71 	7.65 	17.64 	16.95 	3.93 	0.00 	0.00 	0.00 	0.00 	4.40 	0.00 
0.00 	0.00 	0.00 	0.00 	4.91 	0.00 	0.00 	15.63 	9.79 	0.00 	0.00 	0.00 	0.00 	0.00 	0.00 	0.00 	0.00 	0.00 	0.00 	5.12 	6.60 	0.00 	5.56 	0.00 	7.09 	9.32 	13.46 	4.69 	0.00 	17.83 
0.00 	0.00 	0.00 	0.00 	4.45 	5.02 	12.95 	0.00 	6.94 	0.00 	0.00 	0.00 	0.00 	0.00 	0.00 	0.00 	0.00 	0.00 	3.97 	4.65 	6.17 	4.03 	7.15 	4.46 	6.69 	9.19 	13.01 	0.00 	0.00 	11.31 
0.00 	0.00 	0.00 	0.00 	0.00 	6.60 	12.20 	10.44 	0.00 	5.92 	0.00 	0.00 	0.00 	0.00 	0.00 	0.00 	0.00 	0.00 	0.00 	0.00 	0.00 	0.00 	8.93 	5.95 	0.00 	5.95 	7.06 	11.23 	0.00 	25.71 
0.00 	0.00 	0.00 	0.00 	0.00 	0.00 	0.00 	0.00 	32.11 	0.00 	0.00 	0.00 	0.00 	0.00 	0.00 	0.00 	0.00 	0.00 	0.00 	0.00 	0.00 	0.00 	0.00 	0.00 	0.00 	0.00 	0.00 	67.89 	0.00 	0.00 
11.39 	9.68 	0.00 	0.00 	0.00 	0.00 	0.00 	0.00 	0.00 	0.00 	0.00 	19.42 	14.17 	12.12 	12.24 	11.26 	0.00 	9.73 	0.00 	0.00 	0.00 	0.00 	0.00 	0.00 	0.00 	0.00 	0.00 	0.00 	0.00 	0.00 
9.25 	7.22 	0.00 	0.00 	0.00 	0.00 	0.00 	0.00 	0.00 	0.00 	9.94 	0.00 	20.60 	16.50 	10.38 	9.08 	0.00 	6.19 	4.92 	0.00 	0.00 	0.00 	0.00 	0.00 	0.00 	0.00 	0.00 	0.00 	5.92 	0.00 
9.84 	6.52 	3.39 	0.00 	3.32 	0.00 	0.00 	0.00 	0.00 	0.00 	4.25 	12.08 	0.00 	25.12 	10.15 	7.43 	3.11 	2.95 	3.79 	3.18 	0.00 	0.00 	0.00 	0.00 	0.00 	0.00 	0.00 	0.00 	4.87 	0.00 
10.30 	7.04 	3.77 	0.00 	3.70 	0.00 	0.00 	0.00 	0.00 	0.00 	4.18 	11.12 	28.86 	0.00 	8.30 	6.59 	3.47 	0.00 	4.09 	3.28 	0.00 	0.00 	0.00 	0.00 	0.00 	0.00 	0.00 	0.00 	5.29 	0.00 
21.01 	5.80 	3.56 	2.17 	3.46 	0.00 	0.00 	0.00 	0.00 	0.00 	2.79 	4.62 	7.71 	5.49 	0.00 	21.04 	3.17 	3.16 	4.16 	3.26 	2.49 	0.00 	0.00 	0.00 	0.00 	0.00 	0.00 	0.00 	6.13 	0.00 
11.88 	5.14 	4.20 	2.63 	4.38 	0.00 	0.00 	0.00 	0.00 	0.00 	2.90 	4.57 	6.37 	4.92 	23.77 	0.00 	3.97 	4.20 	5.39 	4.10 	3.05 	0.00 	0.00 	0.00 	0.00 	0.00 	0.00 	0.00 	8.55 	0.00 
5.00 	6.54 	34.61 	9.87 	3.58 	4.51 	0.00 	0.00 	0.00 	0.00 	0.00 	0.00 	3.42 	3.32 	4.58 	5.08 	0.00 	0.00 	3.94 	3.15 	0.00 	3.92 	3.39 	0.00 	0.00 	0.00 	0.00 	0.00 	5.10 	0.00 
5.41 	0.00 	0.00 	5.34 	10.01 	0.00 	0.00 	0.00 	0.00 	0.00 	4.37 	5.43 	4.41 	0.00 	6.22 	7.32 	0.00 	0.00 	13.30 	9.19 	6.37 	0.00 	0.00 	0.00 	4.40 	4.87 	4.14 	0.00 	9.24 	0.00 
4.23 	2.76 	2.43 	4.50 	20.41 	2.92 	0.00 	2.21 	0.00 	0.00 	0.00 	2.18 	2.86 	2.69 	4.13 	4.74 	2.71 	6.72 	0.00 	10.86 	5.14 	2.24 	2.22 	0.00 	0.00 	0.00 	2.22 	0.00 	11.84 	0.00 
3.38 	2.45 	0.00 	3.53 	20.08 	4.03 	2.62 	2.87 	0.00 	0.00 	0.00 	0.00 	2.67 	2.39 	3.60 	4.00 	2.41 	5.15 	12.07 	0.00 	10.84 	2.92 	2.89 	0.00 	0.00 	2.70 	3.10 	0.00 	6.29 	0.00 
3.46 	0.00 	0.00 	3.58 	9.46 	6.18 	4.54 	5.12 	0.00 	0.00 	0.00 	0.00 	0.00 	0.00 	3.70 	4.00 	0.00 	4.80 	7.67 	14.57 	0.00 	4.54 	5.16 	0.00 	3.87 	4.82 	5.84 	0.00 	5.35 	3.31 
0.00 	0.00 	6.20 	11.20 	6.33 	24.04 	0.00 	5.65 	0.00 	0.00 	0.00 	0.00 	0.00 	0.00 	0.00 	0.00 	6.79 	0.00 	5.64 	6.63 	7.66 	0.00 	12.96 	6.90 	0.00 	0.00 	0.00 	0.00 	0.00 	0.00 
0.00 	0.00 	4.00 	6.69 	4.70 	17.32 	4.84 	7.51 	6.24 	0.00 	0.00 	0.00 	0.00 	0.00 	0.00 	0.00 	4.39 	0.00 	4.19 	4.91 	6.53 	9.72 	0.00 	5.23 	0.00 	4.25 	4.84 	0.00 	0.00 	4.63 
0.00 	0.00 	0.00 	0.00 	0.00 	17.28 	0.00 	20.12 	17.86 	0.00 	0.00 	0.00 	0.00 	0.00 	0.00 	0.00 	0.00 	0.00 	0.00 	0.00 	0.00 	22.24 	22.50 	0.00 	0.00 	0.00 	0.00 	0.00 	0.00 	0.00 
0.00 	0.00 	0.00 	0.00 	0.00 	0.00 	9.53 	10.85 	0.00 	0.00 	0.00 	0.00 	0.00 	0.00 	0.00 	0.00 	0.00 	6.48 	0.00 	0.00 	7.57 	0.00 	0.00 	0.00 	0.00 	38.60 	20.14 	0.00 	0.00 	6.82 
0.00 	0.00 	0.00 	0.00 	3.95 	0.00 	7.93 	9.45 	4.06 	0.00 	0.00 	0.00 	0.00 	0.00 	0.00 	0.00 	0.00 	4.55 	0.00 	4.48 	5.97 	0.00 	4.16 	0.00 	24.45 	0.00 	25.78 	0.00 	0.00 	5.21 
0.00 	0.00 	0.00 	0.00 	4.29 	0.00 	10.99 	12.81 	4.63 	0.00 	0.00 	0.00 	0.00 	0.00 	0.00 	0.00 	0.00 	3.71 	3.94 	4.95 	6.93 	0.00 	4.54 	0.00 	12.23 	24.72 	0.00 	0.00 	0.00 	6.26 
0.00 	0.00 	0.00 	0.00 	0.00 	0.00 	15.58 	0.00 	29.93 	33.35 	0.00 	0.00 	0.00 	0.00 	0.00 	0.00 	0.00 	0.00 	0.00 	0.00 	0.00 	0.00 	0.00 	0.00 	0.00 	0.00 	0.00 	0.00 	0.00 	21.15 
8.27 	4.53 	3.85 	4.20 	9.92 	3.00 	0.00 	0.00 	0.00 	0.00 	0.00 	3.30 	4.62 	4.38 	7.66 	9.46 	4.41 	5.87 	14.89 	7.13 	4.51 	0.00 	0.00 	0.00 	0.00 	0.00 	0.00 	0.00 	0.00 	0.00 
0.00 	0.00 	0.00 	0.00 	0.00 	0.00 	20.38 	15.60 	23.59 	0.00 	0.00 	0.00 	0.00 	0.00 	0.00 	0.00 	0.00 	0.00 	0.00 	0.00 	5.51 	0.00 	6.08 	0.00 	5.80 	7.00 	8.77 	7.28 	0.00 	0.00 ];

%每一点在一个时段中的改变量
change=[16;-4;-16;-17;17;-1;12;-9;4;-10;-10;-23;19;8;-11;12;10;-6;4;6;11;-11;19;-26;-5;5;-10;-1;12;5;];

%需求列向量
demand=[15;23;38;38;17;32;13;40;26;18;18;35;7;12;38;17;21;23;28;23;15;35;15;34;21;23;35;18;13;18;];

%时间
time=90;

%自行车数量
bikeNum=800;
%运输车数量
carNum=2;
%每个站点停车数量
storeNum=40;
%自行车速度km/h
bikeRate=15;
%汽车速度km/h
carRate=30;
%预计需调度时间阈值
%preditTimeThreshold=

%---------------------------------------%
nodeNum=size(distMat,1);

%平均每分钟的个数
avg1min=demand./time;

%每个点的趋势
trend=change./time;

%自行车与汽车的时间矩阵
bikeTimeMat=ceil(60*distMat./bikeRate);
carTimeMat=ceil(60*distMat./carRate);
%每个点的上下限
maxNum=floor(storeNum*0.9);
minNum=ceil(storeNum*0.2);l




%初始值(在满足20%~90%之间 )满足条件随机值
val=ones(nodeNum,1)*minNum;
i=0;
while i<bikeNum-nodeNum*minNum
    tempNum=ceil(rand*(nodeNum-1));
    if val(tempNum)<maxNum
        i=i+1;val(tempNum)=val(tempNum)+1;
    end
end

%车信息的表 状态（1路上、2装卸、3空闲），node，剩余完成任务时间，车现在的容量
carInfoMat=[];

%点信息表  值  如果1.5小时不想运输，需要的多少量车（可是上下浮动 但是要在30%到80%之间）
expectVal=trend.*90;
tempExpectVal=trend.*60;

tempIsGT=expectVal>0;
tempIsLT=expectVal<0;
tempIsEZ=expectVal==0;
expectVal(tempIsGT)=storeNum*0.9-expectVal(tempIs);
expectVal(tempIsLT)=storeNum*0.2-expectVal(tempIs);
expectVal(expectVal> 0.9*storeNum)= 0.9*storeNum;
expectVal(expectVal< 0.2*storeNum)= 0.2*storeNum;
%可接受范围
r=abs(trend)*30;
%求可接受最小值
expectMinVal=expectVal-r;
expectMinVal(expectMinVal< 0.2*storeNum)= 0.2*storeNum;
expectMinVal(tempIsEZ)=0.2*storeNum;
%求可接受最大值
expectMaxVal=expectVal+r;
expectMaxVal(expectMaxVal> 0.9*storeNum)= 0.9*storeNum;
expectMaxVal(tempIsEZ)=0.9*storeNum;

nodeInfoMat=[Val;expectMinVal;expectMaxVal];



%需求表将 1.node 2  3状态（1车多了 2车少了）4相关货车 （4--到n个车的时间）
needMat=[];




%需要的变量矩阵：1没一个点的自行车数量；2在路上的自行车以及到站还需的分钟数（向上取整）；3两个车的状态



