data=[600,331.300000000000,178.720000000000,423.740000000000,0.600000000000000;600,331.300000000000,167.850000000000,466.930000000000,0.600000000000000;600,0,59.3700000000000,166.840000000000,5.98000000000000;600,0,54.5500000000000,196.890000000000,5.98000000000000;600,320.500000000000,217.790000000000,559.180000000000,0;600,320.500000000000,231.050000000000,546.250000000000,0;660,309,321,900,3.17000000000000;660,309,311,890,3.17000000000000;600,332,47.5200000000000,381.720000000000,0.410000000000000;600,332,45.2800000000000,382.970000000000,0.410000000000000;660,322,29.7900000000000,60.6300000000000,0.310000000000000;660,320,34.7700000000000,206.180000000000,0.310000000000000;600,316,89,208,0.300000000000000;600,316,88.9100000000000,208.640000000000,0.300000000000000;600,315,80.3000000000000,306,2.52000000000000;600,315,76.3000000000000,279,2.52000000000000;660,313,30,55.7000000000000,0.410000000000000;660,313,29.1000000000000,208.500000000000,0.410000000000000;600,325.980000000000,79,64.2000000000000,2.80000000000000;600,325.980000000000,87,62.9000000000000,2.80000000000000;600,340.220000000000,198.600000000000,756.600000000000,0.520000000000000;600,340.220000000000,162.800000000000,226.400000000000,0.520000000000000;600,298,192.640000000000,381.980000000000,0.150000000000000;600,298,67.2000000000000,160.130000000000,0;600,344,0,0,0.590000000000000;600,344,0,0,0.590000000000000;600,325.700000000000,153,264.900000000000,0.180000000000000;600,325.700000000000,164,267.500000000000,0.180000000000000;660,331,122,46,0.610000000000000;600,353,360,477,0.610000000000000;600,353,352,473,0.610000000000000;660,331,181,67,0.610000000000000;600,343,262.100000000000,387,0.590000000000000;600,343,238,388,0.590000000000000;600,334.300000000000,124.860000000000,440.830000000000,0.450000000000000;600,334.300000000000,127.320000000000,435.650000000000,0.450000000000000;600,331.870000000000,43.6700000000000,386.240000000000,0.430000000000000;600,331.870000000000,50.2800000000000,402.740000000000,0.430000000000000;660,320,142,207,0.420000000000000;660,320,139,257,0.420000000000000;600,345.530000000000,219.100000000000,195,0.460000000000000;600,345.530000000000,358.800000000000,190,0.460000000000000;600,321.800000000000,0,0,0;600,321.800000000000,0,0,0;600,0,0,0,0;600,0,0,0,0;600,337.420000000000,178.580000000000,448.820000000000,0.400000000000000;600,337.420000000000,178.690000000000,447.100000000000,0.400000000000000;600,330.390000000000,170.540000000000,446.740000000000,0.400000000000000;600,330.390000000000,179.990000000000,447.500000000000,0.400000000000000;660,317.600000000000,136.830000000000,192.840000000000,0.450000000000000;660,317.600000000000,134.480000000000,225.030000000000,0.450000000000000;600,302,110.880000000000,333.360000000000,2.48000000000000;600,302,105.960000000000,404.150000000000,2.48000000000000;600,326,98.4000000000000,380.800000000000,2.48000000000000;600,326,84.5600000000000,275.470000000000,2.48000000000000;600,351,106.480000000000,427.570000000000,2.48000000000000;600,351,94.4000000000000,442.250000000000,2.48000000000000;600,351,103.600000000000,432.540000000000,2.48000000000000;600,351,79.9500000000000,397.750000000000,2.48000000000000;500,335,417.500000000000,407.800000000000,3;500,335,378.100000000000,369,3;600,314.240000000000,398.900000000000,238.600000000000,2.33000000000000;600,314.240000000000,408.100000000000,212.900000000000,2.33000000000000;600,303.540000000000,37.2000000000000,152.300000000000,2.30000000000000;600,303.540000000000,45.2000000000000,159.100000000000,2.30000000000000;600,331.800000000000,117.480000000000,233.430000000000,2.65000000000000;600,331.800000000000,122.610000000000,232.360000000000,2.65000000000000;600,348.380000000000,118.110000000000,324.590000000000,0.560000000000000;600,348.380000000000,125.470000000000,317.950000000000,0.560000000000000;600,341,306,327,0.500000000000000;600,341,271,307,0.500000000000000;600,336.610000000000,0,0,0.600000000000000;600,336.610000000000,0,0,0.600000000000000;500,324,33.1000000000000,140,3.56000000000000;500,324,33.6000000000000,155,3.56000000000000;600,328,95.5400000000000,363.470000000000,2.88000000000000;600,328,83.8300000000000,359.620000000000,2.88000000000000;1000,290.290000000000,72,71,3.06000000000000;1000,290.290000000000,73,76,3.06000000000000;660,295.580000000000,163.420000000000,167.860000000000,0.300000000000000;660,295.580000000000,150.540000000000,139.390000000000,0.300000000000000;600,310,70,285,3.35000000000000;600,310,70,280,3.35000000000000;1000,272.900000000000,73,284,2.48000000000000;1000,272.900000000000,73,289,2.48000000000000;700,301,181,464,2.52000000000000;700,301,196,476,2.52000000000000;670,299.680000000000,230,334,2.45000000000000;670,299.680000000000,228,341,2.45000000000000;680,290.250000000000,152,133,0.170000000000000;680,290.250000000000,188.380000000000,130,0.170000000000000;680,296.300000000000,158,272,0.150000000000000;680,296.300000000000,124,277,0.150000000000000;600,332.100000000000,315,1093,2.95000000000000;600,332.100000000000,331,946,2.95000000000000;600,300.200000000000,148,408,2.95000000000000;600,300.200000000000,148,408,2.95000000000000;650,317.700000000000,120,264,0.600000000000000;650,317.700000000000,125,245,0.600000000000000;600,273.300000000000,212,399,2.10000000000000;600,306.610000000000,36.8500000000000,460,2.17000000000000;600,308.860000000000,50.2800000000000,465,2.17000000000000;600,300,0,0,2.65000000000000;600,300,195,447,2.65000000000000;800,320,42.5000000000000,602.580000000000,1;800,320,35,690.220000000000,1;1000,285.670000000000,42.7500000000000,122.400000000000,0.350000000000000;1000,285.670000000000,42.4500000000000,51.5000000000000,0.350000000000000;600,301.800000000000,69.0900000000000,338.170000000000,0.420000000000000;600,301.800000000000,58.9300000000000,356.270000000000,0.420000000000000;660,317.060000000000,65.9600000000000,313.420000000000,0.360000000000000;660,317.060000000000,67.8100000000000,326.570000000000,0.360000000000000;600,315.100000000000,51,448,2.31000000000000;600,315.100000000000,50,450,2.31000000000000;600,320,53.5100000000000,302.890000000000,2.30000000000000;600,320,58.8200000000000,288.440000000000,2.30000000000000;660,289.420000000000,101.110000000000,50.2300000000000,1.50000000000000;660,289.420000000000,100.800000000000,41.6100000000000,1.50000000000000;1000,280.300000000000,51.5500000000000,75.7100000000000,0.390000000000000;1000,280.300000000000,47.5400000000000,79.3100000000000,0.390000000000000;660,291.380000000000,59.8500000000000,66.3800000000000,1.80000000000000;660,291.380000000000,51.7600000000000,90.0800000000000,1.80000000000000;630,310.880000000000,63.3000000000000,76.5600000000000,0.570000000000000;630,310.880000000000,68.7000000000000,309.500000000000,0.570000000000000;630,304.500000000000,86.2000000000000,432.620000000000,0.540000000000000;630,304.500000000000,71.9000000000000,444.780000000000,0.540000000000000;630,299.500000000000,90.7000000000000,169.550000000000,0.860000000000000;630,299.500000000000,91.6000000000000,164.280000000000,0.860000000000000;1000,286,0,0,0.400000000000000;1000,290,105.600000000000,60.1600000000000,2.01000000000000;1000,290,115.700000000000,61.5400000000000,2.01000000000000;630,303.300000000000,94.6000000000000,150.060000000000,0.720000000000000;630,303.300000000000,95.4000000000000,150.550000000000,0.720000000000000;650,300,89.6300000000000,419.220000000000,0;650,300,103.610000000000,421.100000000000,0;650,300,98.5000000000000,413.510000000000,0;630,295.800000000000,126,198,0.630000000000000;630,295.800000000000,128,113,0.630000000000000;630,301.700000000000,58.8000000000000,76.1000000000000,0.300000000000000;630,301.700000000000,49.6000000000000,440.800000000000,0.300000000000000;660,289.100000000000,70.8200000000000,272.090000000000,0.0600000000000000;660,289.100000000000,74.4100000000000,247.570000000000,0.0600000000000000;660,289.100000000000,67.8100000000000,285.660000000000,0.0600000000000000;660,289.100000000000,